    965 0.00283371
    225 0.00001130
     92 0.00001115
     83 0.00010000
     78 0.00001125
     65 0.00000550
     60 0.00002260
     58 0.00283402
     47 0.00000710
     44 0.00002270
     42 0.00000955
     35 0.00000680
     33 0.00000830
     33 0.00000555
     32 0.00001850
     32 0.00000720
     31 0.00002977
     28 0.00000565
     26 0.00000960
     26 0.00000705
     24 0.00004520
     24 0.00001870
     22 0.00004500
     22 0.00001860
     21 0.00000840
     18 0.00002000
     17 0.00009040
     17 0.00006780
     17 0.00001135
     16 0.00000965
     16 0.00000820
     15 0.00000825
     14 0.00001747
     14 0.00000573
     13 0.00005000
     12 0.00019380
     12 0.00005682
     12 0.00002585
     12 0.00002250
     12 0.00000678
     12 0.00000568
     11 0.00006690
     11 0.00004540
     11 0.00004260
     11 0.00003390
     11 0.00003160
     11 0.00002034
     11 0.00001582
     11 0.00001350
     11 0.00000852
     10 0.00006750
     10 0.00001808
     10 0.00001122
     10 0.00001120
      9 0.00011526
      9 0.00007232
      9 0.00006810
      9 0.00005762
      9 0.00005681
      9 0.00005220
      9 0.00003000
      9 0.00002106
      9 0.00002001
      9 0.00001920
      9 0.00001338
      9 0.00001030
      8 0.00031200
      8 0.00006720
      8 0.00005650
      8 0.00005177
      8 0.00003393
      8 0.00002976
      8 0.00002425
      8 0.00002292
      8 0.00002230
      8 0.00002200
      8 0.00001746
      8 0.00001589
      8 0.00001280
      8 0.00000900
      8 0.00000593
      8 0.00000589
      8 0.00000582
      8 0.00000577
      8 0.00000574
      8 0.00000570
      7 0.00059280
      7 0.00009080
      7 0.00009000
      7 0.00007458
      7 0.00006007
      7 0.00005761
      7 0.00005760
      7 0.00005249
      7 0.00003760
      7 0.00003616
      7 0.00003520
      7 0.00003405
      7 0.00003375
      7 0.00003320
      7 0.00002595
      7 0.00001690
      7 0.00001575
      7 0.00001356
      7 0.00001178
      7 0.00000595
      7 0.00000588
      7 0.00000587
      7 0.00000586
      7 0.00000581
      7 0.00000572
      7 0.00000569
      6 0.00025000
      6 0.00007684
      6 0.00006583
      6 0.00006129
      6 0.00005146
      6 0.00004460
      6 0.00004433
      6 0.00003740
      6 0.00003625
      6 0.00003570
      6 0.00003300
      6 0.00002840
      6 0.00002590
      6 0.00002171
      6 0.00001800
      6 0.00001362
      6 0.00001110
      6 0.00001100
      6 0.00001050
      6 0.00000981
      6 0.00000950
      6 0.00000670
      6 0.00000592
      6 0.00000578
      6 0.00000576
      5 0.00081635
      5 0.00077794
      5 0.00044460
      5 0.00026668
      5 0.00020437
      5 0.00008600
      5 0.00007945
      5 0.00007910
      5 0.00007264
      5 0.00006244
      5 0.00006159
      5 0.00005937
      5 0.00005847
      5 0.00005798
      5 0.00005730
      5 0.00005587
      5 0.00005187
      5 0.00004191
      5 0.00003960
      5 0.00003842
      5 0.00003143
      5 0.00003114
      5 0.00002674
      5 0.00002420
      5 0.00002220
      5 0.00002158
      5 0.00001845
      5 0.00001561
      5 0.00001420
      5 0.00001018
      5 0.00001002
      5 0.00000864
      5 0.00000715
      5 0.00000591
      5 0.00000590
      5 0.00000583
      5 0.00000579
      5 0.00000571
      4 0.00375065
      4 0.00097560
      4 0.00086115
      4 0.00082366
      4 0.00011577
      4 0.00011300
      4 0.00010170
      4 0.00008100
      4 0.00007683
      4 0.00007440
      4 0.00007037
      4 0.00007006
      4 0.00006525
      4 0.00005902
      4 0.00005890
      4 0.00005625
      4 0.00005112
      4 0.00004950
      4 0.00004889
      4 0.00004767
      4 0.00004746
      4 0.00004725
      4 0.00004608
      4 0.00004544
      4 0.00004495
      4 0.00004480
      4 0.00004400
      4 0.00004380
      4 0.00004185
      4 0.00003800
      4 0.00003720
      4 0.00003500
      4 0.00003492
      4 0.00003367
      4 0.00003360
      4 0.00003330
      4 0.00003312
      4 0.00003102
      4 0.00002880
      4 0.00002865
      4 0.00002660
      4 0.00002626
      4 0.00002604
      4 0.00002453
      4 0.00002240
      4 0.00002197
      4 0.00002028
      4 0.00001816
      4 0.00001640
      4 0.00001460
      4 0.00001337
      4 0.00001296
      4 0.00001290
      4 0.00001152
      4 0.00001146
      4 0.00001105
      4 0.00001070
      4 0.00001045
      4 0.00000890
      4 0.00000665
      4 0.00000597
      4 0.00000596
      4 0.00000580
      4 0.00000567
      3 0.00375290
      3 0.00375180
      3 0.00375120
      3 0.00375015
      3 0.00375010
      3 0.00081644
      3 0.00050000
      3 0.00047284
      3 0.00015860
      3 0.00011220
      3 0.00011174
      3 0.00011160
      3 0.00010800
      3 0.00010476
      3 0.00010440
      3 0.00010240
      3 0.00010215
      3 0.00009690
      3 0.00009260
      3 0.00009079
      3 0.00008920
      3 0.00008775
      3 0.00008730
      3 0.00008680
      3 0.00008588
      3 0.00008136
      3 0.00008068
      3 0.00007839
      3 0.00007770
      3 0.00007640
      3 0.00006330
      3 0.00006300
      3 0.00006298
      3 0.00006286
      3 0.00006219
      3 0.00006006
      3 0.00005700
      3 0.00005575
      3 0.00005539
      3 0.00005352
      3 0.00005239
      3 0.00005200
      3 0.00005040
      3 0.00004862
      3 0.00004800
      3 0.00004790
      3 0.00004775
      3 0.00004630
      3 0.00004402
      3 0.00004320
      3 0.00004018
      3 0.00003840
      3 0.00003700
      3 0.00003575
      3 0.00003550
      3 0.00003536
      3 0.00003525
      3 0.00003370
      3 0.00003178
      3 0.00002800
      3 0.00002632
      3 0.00002625
      3 0.00002610
      3 0.00002256
      3 0.00002232
      3 0.00002100
      3 0.00002096
      3 0.00002080
      3 0.00002043
      3 0.00001810
      3 0.00001784
      3 0.00001755
      3 0.00001735
      3 0.00001440
      3 0.00001360
      3 0.00001352
      3 0.00001344
      3 0.00001330
      3 0.00001295
      3 0.00001215
      3 0.00001175
      3 0.00001158
      3 0.00001063
      3 0.00001048
      3 0.00000987
      3 0.00000908
      3 0.00000873
      3 0.00000594
      3 0.00000584
      2 0.00487675
      2 0.00485400
      2 0.00375355
      2 0.00375295
      2 0.00375125
      2 0.00375070
      2 0.00280550
      2 0.00086079
      2 0.00081654
      2 0.00069961
      2 0.00048155
      2 0.00040000
      2 0.00035250
      2 0.00023520
      2 0.00023104
      2 0.00020832
      2 0.00019080
      2 0.00018765
      2 0.00018600
      2 0.00018515
      2 0.00018259
      2 0.00017000
      2 0.00016720
      2 0.00016614
      2 0.00016544
      2 0.00014800
      2 0.00014448
      2 0.00014276
      2 0.00014000
      2 0.00013890
      2 0.00013797
      2 0.00013725
      2 0.00013687
      2 0.00013620
      2 0.00013603
      2 0.00013520
      2 0.00013400
      2 0.00013248
      2 0.00013160
      2 0.00013050
      2 0.00012204
      2 0.00012150
      2 0.00011968
      2 0.00011280
      2 0.00010825
      2 0.00010730
      2 0.00010125
      2 0.00010080
      2 0.00010050
      2 0.00009944
      2 0.00009900
      2 0.00009894
      2 0.00009776
      2 0.00009761
      2 0.00009741
      2 0.00009720
      2 0.00009460
      2 0.00009428
      2 0.00009400
      2 0.00009366
      2 0.00009323
      2 0.00009300
      2 0.00008998
      2 0.00008960
      2 0.00008928
      2 0.00008860
      2 0.00008814
      2 0.00008800
      2 0.00008665
      2 0.00008550
      2 0.00008528
      2 0.00008465
      2 0.00008400
      2 0.00008381
      2 0.00008362
      2 0.00008320
      2 0.00008305
      2 0.00008300
      2 0.00008130
      2 0.00008112
      2 0.00008062
      2 0.00008034
      2 0.00007992
      2 0.00007980
      2 0.00007875
      2 0.00007872
      2 0.00007840
      2 0.00007830
      2 0.00007805
      2 0.00007785
      2 0.00007767
      2 0.00007709
      2 0.00007685
      2 0.00007570
      2 0.00007480
      2 0.00007400
      2 0.00007300
      2 0.00007258
      2 0.00007242
      2 0.00007223
      2 0.00007200
      2 0.00007100
      2 0.00007072
      2 0.00006984
      2 0.00006912
      2 0.00006868
      2 0.00006800
      2 0.00006798
      2 0.00006732
      2 0.00006660
      2 0.00006635
      2 0.00006513
      2 0.00006467
      2 0.00006360
      2 0.00006356
      2 0.00006270
      2 0.00006214
      2 0.00006160
      2 0.00006135
      2 0.00006102
      2 0.00006080
      2 0.00006077
      2 0.00006032
      2 0.00005900
      2 0.00005680
      2 0.00005655
      2 0.00005597
      2 0.00005448
      2 0.00005400
      2 0.00005348
      2 0.00005300
      2 0.00005280
      2 0.00005250
      2 0.00005214
      2 0.00005198
      2 0.00005190
      2 0.00005184
      2 0.00005175
      2 0.00005157
      2 0.00005155
      2 0.00005148
      2 0.00005129
      2 0.00005107
      2 0.00005070
      2 0.00004994
      2 0.00004980
      2 0.00004970
      2 0.00004966
      2 0.00004906
      2 0.00004866
      2 0.00004828
      2 0.00004735
      2 0.00004690
      2 0.00004590
      2 0.00004488
      2 0.00004440
      2 0.00004415
      2 0.00004389
      2 0.00004360
      2 0.00004296
      2 0.00004230
      2 0.00004205
      2 0.00004200
      2 0.00004056
      2 0.00004055
      2 0.00004032
      2 0.00003990
      2 0.00003968
      2 0.00003895
      2 0.00003859
      2 0.00003820
      2 0.00003753
      2 0.00003514
      2 0.00003366
      2 0.00003350
      2 0.00003345
      2 0.00003248
      2 0.00003150
      2 0.00003132
      2 0.00003122
      2 0.00003050
      2 0.00003042
      2 0.00002992
      2 0.00002900
      2 0.00002899
      2 0.00002830
      2 0.00002820
      2 0.00002794
      2 0.00002720
      2 0.00002704
      2 0.00002618
      2 0.00002580
      2 0.00002546
      2 0.00002497
      2 0.00002490
      2 0.00002480
      2 0.00002475
      2 0.00002408
      2 0.00002360
      2 0.00002304
      2 0.00002244
      2 0.00002190
      2 0.00002153
      2 0.00002128
      2 0.00002120
      2 0.00002048
      2 0.00002014
      2 0.00002007
      2 0.00001984
      2 0.00001982
      2 0.00001910
      2 0.00001900
      2 0.00001878
      2 0.00001872
      2 0.00001763
      2 0.00001751
      2 0.00001727
      2 0.00001700
      2 0.00001554
      2 0.00001500
      2 0.00001496
      2 0.00001480
      2 0.00001479
      2 0.00001470
      2 0.00001430
      2 0.00001275
      2 0.00001266
      2 0.00001265
      2 0.00001235
      2 0.00001221
      2 0.00001190
      2 0.00001136
      2 0.00001133
      2 0.00001116
      2 0.00001101
      2 0.00001077
      2 0.00001060
      2 0.00001040
      2 0.00001035
      2 0.00001010
      2 0.00001008
      2 0.00001000
      2 0.00000953
      2 0.00000946
      2 0.00000945
      2 0.00000898
      2 0.00000895
      2 0.00000875
      2 0.00000863
      2 0.00000862
      2 0.00000835
      2 0.00000826
      2 0.00000800
      2 0.00000725
      2 0.00000700
      2 0.00000675
      2 0.00000610
      2 0.00000585
      2 0.00000575
      2 0.00000560
      2 0.00000500
      2 0.00000438
      1 0.02054040
      1 0.01533080
      1 0.01488160
      1 0.01320680
      1 0.01185120
      1 0.00978160
      1 0.00907720
      1 0.00797941
      1 0.00785720
      1 0.00714480
      1 0.00687225
      1 0.00562313
      1 0.00546669
      1 0.00536384
      1 0.00522908
      1 0.00516450
      1 0.00499410
      1 0.00499050
      1 0.00494280
      1 0.00492225
      1 0.00487220
      1 0.00486765
      1 0.00484945
      1 0.00484035
      1 0.00483660
      1 0.00483125
      1 0.00479030
      1 0.00445392
      1 0.00434930
      1 0.00432355
      1 0.00426225
      1 0.00411950
      1 0.00400000
      1 0.00378020
      1 0.00375695
      1 0.00375580
      1 0.00375410
      1 0.00375310
      1 0.00375300
      1 0.00375285
      1 0.00375190
      1 0.00375185
      1 0.00375140
      1 0.00375115
      1 0.00375055
      1 0.00334617
      1 0.00319894
      1 0.00285467
      1 0.00277729
      1 0.00276261
      1 0.00270600
      1 0.00249510
      1 0.00249480
      1 0.00239250
      1 0.00230096
      1 0.00227982
      1 0.00224328
      1 0.00217167
      1 0.00212941
      1 0.00183235
      1 0.00180540
      1 0.00177728
      1 0.00162721
      1 0.00158620
      1 0.00153300
      1 0.00152960
      1 0.00150000
      1 0.00145910
      1 0.00143334
      1 0.00140065
      1 0.00139904
      1 0.00139280
      1 0.00136725
      1 0.00136143
      1 0.00134354
      1 0.00124640
      1 0.00120348
      1 0.00117525
      1 0.00115955
      1 0.00104380
      1 0.00102600
      1 0.00102525
      1 0.00099594
      1 0.00098090
      1 0.00096190
      1 0.00093543
      1 0.00090089
      1 0.00089328
      1 0.00086215
      1 0.00086065
      1 0.00086046
      1 0.00085027
      1 0.00084640
      1 0.00083900
      1 0.00082790
      1 0.00081936
      1 0.00079289
      1 0.00078992
      1 0.00078708
      1 0.00074697
      1 0.00073818
      1 0.00072985
      1 0.00072420
      1 0.00071203
      1 0.00069184
      1 0.00068868
      1 0.00068488
      1 0.00067099
      1 0.00067092
      1 0.00066848
      1 0.00065635
      1 0.00065559
      1 0.00064920
      1 0.00063071
      1 0.00062781
      1 0.00061920
      1 0.00060149
      1 0.00059620
      1 0.00059459
      1 0.00058752
      1 0.00058650
      1 0.00058425
      1 0.00057908
      1 0.00056750
      1 0.00056161
      1 0.00056080
      1 0.00055419
      1 0.00055072
      1 0.00054807
      1 0.00054604
      1 0.00054250
      1 0.00053875
      1 0.00053723
      1 0.00053182
      1 0.00053125
      1 0.00052297
      1 0.00051830
      1 0.00051300
      1 0.00050935
      1 0.00050893
      1 0.00050340
      1 0.00050265
      1 0.00050151
      1 0.00049560
      1 0.00048255
      1 0.00048250
      1 0.00048104
      1 0.00048076
      1 0.00047652
      1 0.00047336
      1 0.00046807
      1 0.00046568
      1 0.00046516
      1 0.00046465
      1 0.00046312
      1 0.00045442
      1 0.00045360
      1 0.00045204
      1 0.00045055
      1 0.00044694
      1 0.00044200
      1 0.00044190
      1 0.00044064
      1 0.00043989
      1 0.00043875
      1 0.00043584
      1 0.00043253
      1 0.00042764
      1 0.00042210
      1 0.00041610
      1 0.00041060
      1 0.00040380
      1 0.00039701
      1 0.00039536
      1 0.00038872
      1 0.00038640
      1 0.00038130
      1 0.00038080
      1 0.00037920
      1 0.00037780
      1 0.00037167
      1 0.00037006
      1 0.00036800
      1 0.00036766
      1 0.00036235
      1 0.00036166
      1 0.00036160
      1 0.00036153
      1 0.00036000
      1 0.00035769
      1 0.00035488
      1 0.00035461
      1 0.00035392
      1 0.00035175
      1 0.00034875
      1 0.00034784
      1 0.00034480
      1 0.00034421
      1 0.00034065
      1 0.00033800
      1 0.00033640
      1 0.00033603
      1 0.00033600
      1 0.00033480
      1 0.00033102
      1 0.00032711
      1 0.00032021
      1 0.00031975
      1 0.00031579
      1 0.00031416
      1 0.00031260
      1 0.00031191
      1 0.00030798
      1 0.00030534
      1 0.00030500
      1 0.00030221
      1 0.00030144
      1 0.00030102
      1 0.00030000
      1 0.00029785
      1 0.00029632
      1 0.00029500
      1 0.00029430
      1 0.00029339
      1 0.00029171
      1 0.00029100
      1 0.00029004
      1 0.00028980
      1 0.00028810
      1 0.00028764
      1 0.00028710
      1 0.00028525
      1 0.00028200
      1 0.00027968
      1 0.00027666
      1 0.00027456
      1 0.00027048
      1 0.00027030
      1 0.00026960
      1 0.00026910
      1 0.00026880
      1 0.00026559
      1 0.00026314
      1 0.00026196
      1 0.00026115
      1 0.00025990
      1 0.00025980
      1 0.00025956
      1 0.00025952
      1 0.00025800
      1 0.00025799
      1 0.00025676
      1 0.00025578
      1 0.00025488
      1 0.00025440
      1 0.00025422
      1 0.00025280
      1 0.00025237
      1 0.00025203
      1 0.00025040
      1 0.00024976
      1 0.00024923
      1 0.00024882
      1 0.00024679
      1 0.00024559
      1 0.00024540
      1 0.00024530
      1 0.00024491
      1 0.00024444
      1 0.00024373
      1 0.00024310
      1 0.00024280
      1 0.00024073
      1 0.00023985
      1 0.00023936
      1 0.00023867
      1 0.00023862
      1 0.00023856
      1 0.00023722
      1 0.00023480
      1 0.00023370
      1 0.00023136
      1 0.00023016
      1 0.00022980
      1 0.00022936
      1 0.00022866
      1 0.00022692
      1 0.00022556
      1 0.00022388
      1 0.00022281
      1 0.00022113
      1 0.00022080
      1 0.00022010
      1 0.00021820
      1 0.00021758
      1 0.00021732
      1 0.00021648
      1 0.00021579
      1 0.00021560
      1 0.00021500
      1 0.00021488
      1 0.00021460
      1 0.00021432
      1 0.00021402
      1 0.00021360
      1 0.00021265
      1 0.00021183
      1 0.00020960
      1 0.00020952
      1 0.00020944
      1 0.00020906
      1 0.00020570
      1 0.00020325
      1 0.00020225
      1 0.00020220
      1 0.00020178
      1 0.00020100
      1 0.00020065
      1 0.00020000
      1 0.00019919
      1 0.00019898
      1 0.00019897
      1 0.00019826
      1 0.00019788
      1 0.00019773
      1 0.00019721
      1 0.00019716
      1 0.00019663
      1 0.00019660
      1 0.00019648
      1 0.00019623
      1 0.00019552
      1 0.00019512
      1 0.00019500
      1 0.00019420
      1 0.00019280
      1 0.00019207
      1 0.00019074
      1 0.00018990
      1 0.00018970
      1 0.00018960
      1 0.00018946
      1 0.00018877
      1 0.00018870
      1 0.00018704
      1 0.00018562
      1 0.00018558
      1 0.00018326
      1 0.00018315
      1 0.00018270
      1 0.00018200
      1 0.00018112
      1 0.00018090
      1 0.00018080
      1 0.00018032
      1 0.00017992
      1 0.00017986
      1 0.00017917
      1 0.00017914
      1 0.00017872
      1 0.00017824
      1 0.00017691
      1 0.00017663
      1 0.00017568
      1 0.00017520
      1 0.00017460
      1 0.00017445
      1 0.00017313
      1 0.00017301
      1 0.00017290
      1 0.00017280
      1 0.00017240
      1 0.00017226
      1 0.00017172
      1 0.00017137
      1 0.00017082
      1 0.00017030
      1 0.00016987
      1 0.00016930
      1 0.00016928
      1 0.00016863
      1 0.00016750
      1 0.00016710
      1 0.00016608
      1 0.00016600
      1 0.00016576
      1 0.00016555
      1 0.00016550
      1 0.00016452
      1 0.00016306
      1 0.00016275
      1 0.00016051
      1 0.00015901
      1 0.00015870
      1 0.00015855
      1 0.00015840
      1 0.00015838
      1 0.00015800
      1 0.00015743
      1 0.00015696
      1 0.00015655
      1 0.00015644
      1 0.00015564
      1 0.00015510
      1 0.00015440
      1 0.00015411
      1 0.00015396
      1 0.00015240
      1 0.00015225
      1 0.00015140
      1 0.00015095
      1 0.00015080
      1 0.00015078
      1 0.00014960
      1 0.00014912
      1 0.00014860
      1 0.00014766
      1 0.00014725
      1 0.00014718
      1 0.00014669
      1 0.00014556
      1 0.00014550
      1 0.00014547
      1 0.00014532
      1 0.00014387
      1 0.00014373
      1 0.00014260
      1 0.00014238
      1 0.00014185
      1 0.00014100
      1 0.00014095
      1 0.00014083
      1 0.00014045
      1 0.00014040
      1 0.00014035
      1 0.00013980
      1 0.00013786
      1 0.00013780
      1 0.00013777
      1 0.00013720
      1 0.00013700
      1 0.00013640
      1 0.00013619
      1 0.00013560
      1 0.00013510
      1 0.00013450
      1 0.00013385
      1 0.00013350
      1 0.00013334
      1 0.00013221
      1 0.00013200
      1 0.00013157
      1 0.00013143
      1 0.00013140
      1 0.00013040
      1 0.00013020
      1 0.00013002
      1 0.00012960
      1 0.00012934
      1 0.00012920
      1 0.00012882
      1 0.00012874
      1 0.00012815
      1 0.00012768
      1 0.00012759
      1 0.00012750
      1 0.00012742
      1 0.00012716
      1 0.00012715
      1 0.00012614
      1 0.00012571
      1 0.00012564
      1 0.00012563
      1 0.00012528
      1 0.00012493
      1 0.00012488
      1 0.00012485
      1 0.00012456
      1 0.00012430
      1 0.00012398
      1 0.00012300
      1 0.00012258
      1 0.00012250
      1 0.00012247
      1 0.00012240
      1 0.00012200
      1 0.00012180
      1 0.00012132
      1 0.00012125
      1 0.00012087
      1 0.00012075
      1 0.00012060
      1 0.00012032
      1 0.00012031
      1 0.00012012
      1 0.00011978
      1 0.00011925
      1 0.00011904
      1 0.00011873
      1 0.00011871
      1 0.00011856
      1 0.00011844
      1 0.00011818
      1 0.00011764
      1 0.00011709
      1 0.00011703
      1 0.00011656
      1 0.00011624
      1 0.00011580
      1 0.00011567
      1 0.00011552
      1 0.00011538
      1 0.00011529
      1 0.00011504
      1 0.00011475
      1 0.00011470
      1 0.00011440
      1 0.00011425
      1 0.00011400
      1 0.00011360
      1 0.00011336
      1 0.00011257
      1 0.00011215
      1 0.00011199
      1 0.00011194
      1 0.00011163
      1 0.00011148
      1 0.00011141
      1 0.00011128
      1 0.00011124
      1 0.00011123
      1 0.00011104
      1 0.00011070
      1 0.00011055
      1 0.00011040
      1 0.00011032
      1 0.00011000
      1 0.00010972
      1 0.00010970
      1 0.00010926
      1 0.00010905
      1 0.00010848
      1 0.00010808
      1 0.00010804
      1 0.00010788
      1 0.00010775
      1 0.00010755
      1 0.00010738
      1 0.00010735
      1 0.00010725
      1 0.00010704
      1 0.00010670
      1 0.00010580
      1 0.00010573
      1 0.00010560
      1 0.00010558
      1 0.00010542
      1 0.00010528
      1 0.00010419
      1 0.00010416
      1 0.00010410
      1 0.00010383
      1 0.00010380
      1 0.00010354
      1 0.00010322
      1 0.00010297
      1 0.00010290
      1 0.00010227
      1 0.00010200
      1 0.00010185
      1 0.00010143
      1 0.00010120
      1 0.00010110
      1 0.00010104
      1 0.00010101
      1 0.00010062
      1 0.00010045
      1 0.00010044
      1 0.00009990
      1 0.00009988
      1 0.00009940
      1 0.00009912
      1 0.00009908
      1 0.00009861
      1 0.00009812
      1 0.00009760
      1 0.00009755
      1 0.00009728
      1 0.00009718
      1 0.00009675
      1 0.00009625
      1 0.00009620
      1 0.00009604
      1 0.00009589
      1 0.00009588
      1 0.00009568
      1 0.00009552
      1 0.00009550
      1 0.00009548
      1 0.00009545
      1 0.00009522
      1 0.00009498
      1 0.00009494
      1 0.00009480
      1 0.00009476
      1 0.00009474
      1 0.00009472
      1 0.00009464
      1 0.00009450
      1 0.00009429
      1 0.00009416
      1 0.00009350
      1 0.00009307
      1 0.00009295
      1 0.00009290
      1 0.00009284
      1 0.00009242
      1 0.00009225
      1 0.00009215
      1 0.00009210
      1 0.00009203
      1 0.00009200
      1 0.00009175
      1 0.00009126
      1 0.00009097
      1 0.00009096
      1 0.00009094
      1 0.00009091
      1 0.00009082
      1 0.00009081
      1 0.00009068
      1 0.00009065
      1 0.00009035
      1 0.00009030
      1 0.00009024
      1 0.00008989
      1 0.00008977
      1 0.00008976
      1 0.00008892
      1 0.00008890
      1 0.00008874
      1 0.00008853
      1 0.00008850
      1 0.00008799
      1 0.00008787
      1 0.00008786
      1 0.00008784
      1 0.00008772
      1 0.00008748
      1 0.00008742
      1 0.00008736
      1 0.00008723
      1 0.00008721
      1 0.00008684
      1 0.00008669
      1 0.00008667
      1 0.00008666
      1 0.00008658
      1 0.00008642
      1 0.00008632
      1 0.00008593
      1 0.00008579
      1 0.00008560
      1 0.00008514
      1 0.00008450
      1 0.00008445
      1 0.00008440
      1 0.00008406
      1 0.00008404
      1 0.00008402
      1 0.00008398
      1 0.00008367
      1 0.00008352
      1 0.00008325
      1 0.00008299
      1 0.00008291
      1 0.00008287
      1 0.00008280
      1 0.00008265
      1 0.00008256
      1 0.00008240
      1 0.00008230
      1 0.00008228
      1 0.00008192
      1 0.00008172
      1 0.00008171
      1 0.00008162
      1 0.00008134
      1 0.00008097
      1 0.00008091
