      1 0.09985016
      1 0.06844834
      1 0.04239376
      1 0.03722959
      1 0.03507884
      1 0.02532226
      1 0.02128906
      1 0.01846750
      1 0.01345952
      1 0.00817379
      1 0.00797941
      1 0.00687225
      1 0.00549315
      1 0.00546669
      1 0.00536384
      1 0.00516450
      1 0.00499410
      1 0.00499050
      1 0.00494280
      1 0.00492225
      2 0.00487675
      1 0.00487220
      1 0.00486765
      2 0.00485400
      1 0.00484945
      1 0.00484035
      1 0.00483660
      1 0.00483125
      1 0.00479030
      1 0.00445392
      1 0.00432355
      1 0.00426225
      1 0.00378020
      1 0.00375695
      1 0.00375580
      1 0.00375410
      2 0.00375355
      1 0.00375310
      1 0.00375300
      2 0.00375295
      3 0.00375290
      1 0.00375285
      1 0.00375190
      1 0.00375185
      3 0.00375180
      1 0.00375140
      2 0.00375125
      3 0.00375120
      1 0.00375115
      2 0.00375070
      4 0.00375065
      1 0.00375055
      3 0.00375015
      3 0.00375010
      1 0.00285467
     53 0.00283402
    795 0.00283371
      2 0.00280550
      1 0.00277729
      1 0.00270600
      1 0.00256480
      1 0.00249480
      1 0.00239250
      1 0.00230096
      1 0.00217167
      1 0.00212941
      1 0.00206575
      1 0.00201562
      1 0.00183235
      1 0.00180540
      1 0.00162721
      1 0.00158620
      1 0.00157051
      1 0.00153300
      1 0.00150000
      1 0.00148248
      1 0.00145910
      1 0.00143334
      1 0.00140065
      1 0.00139904
      1 0.00136725
      1 0.00136143
      1 0.00131834
      1 0.00124640
      1 0.00122634
      1 0.00120348
      1 0.00117525
      1 0.00115955
      1 0.00112752
      1 0.00104380
      1 0.00102600
      1 0.00102525
      1 0.00101376
      1 0.00098090
      4 0.00097560
      1 0.00096210
      1 0.00096190
      1 0.00092579
      1 0.00092100
      1 0.00091018
      1 0.00090089
      1 0.00089328
      1 0.00086215
      4 0.00086115
      2 0.00086079
      1 0.00086065
      1 0.00086046
      1 0.00083900
      1 0.00082790
      1 0.00082581
      4 0.00082366
      1 0.00081936
      2 0.00081654
      3 0.00081644
      5 0.00081635
      1 0.00081360
      1 0.00079289
      1 0.00078992
      5 0.00077794
      1 0.00075022
      1 0.00074829
      1 0.00074697
      1 0.00074049
      2 0.00074040
      3 0.00073971
      1 0.00073818
      1 0.00072985
      1 0.00072420
      3 0.00069961
      1 0.00069623
      1 0.00068868
      1 0.00068488
      1 0.00067092
      1 0.00065939
      1 0.00065635
      1 0.00064920
      1 0.00063600
      1 0.00063071
      1 0.00060149
      1 0.00059620
      8 0.00059280
      2 0.00058752
      1 0.00058650
      1 0.00058425
      1 0.00058241
      1 0.00057908
      1 0.00056080
      1 0.00054960
      1 0.00054807
      1 0.00053875
      1 0.00053723
      1 0.00053700
      1 0.00053125
      1 0.00052230
      1 0.00051830
      1 0.00051480
      1 0.00050935
      2 0.00050340
      3 0.00050000
      1 0.00049560
      1 0.00048934
      1 0.00048250
      2 0.00048155
      1 0.00048104
      1 0.00048098
      1 0.00047336
      3 0.00047284
      1 0.00046568
      1 0.00046516
      2 0.00046465
      1 0.00045475
      1 0.00045442
      1 0.00045240
      1 0.00045055
      1 0.00044982
      1 0.00044544
      6 0.00044460
      1 0.00044200
      1 0.00044190
      1 0.00044064
      1 0.00043989
      1 0.00043875
      1 0.00043584
      1 0.00043260
      1 0.00043008
      1 0.00042730
      1 0.00042550
      1 0.00042320
      1 0.00042210
      1 0.00041940
      1 0.00040936
      1 0.00040300
      2 0.00040000
      1 0.00039741
      1 0.00039628
      1 0.00039000
      1 0.00038192
      1 0.00038130
      1 0.00037961
      1 0.00037920
      1 0.00037780
      1 0.00037392
      2 0.00036800
      1 0.00036334
      1 0.00036235
      1 0.00036166
      1 0.00036000
      1 0.00035769
      1 0.00035627
      1 0.00035504
      2 0.00035250
      1 0.00034982
      1 0.00034875
      1 0.00034480
      1 0.00034421
      1 0.00034065
      1 0.00033102
      1 0.00032800
      1 0.00032228
      1 0.00032200
      1 0.00032170
      1 0.00032021
      1 0.00031996
      1 0.00031416
      1 0.00031260
      9 0.00031200
      1 0.00030500
      1 0.00030276
      1 0.00030225
      1 0.00030102
      1 0.00030020
      3 0.00030000
      1 0.00029835
      1 0.00029624
      1 0.00029511
      1 0.00029430
      1 0.00029116
      1 0.00029068
      1 0.00028980
      2 0.00028710
      1 0.00028595
      1 0.00028525
      1 0.00028200
      1 0.00028025
      2 0.00028020
      1 0.00027048
      1 0.00027044
      1 0.00026880
      1 0.00026559
      1 0.00026307
      3 0.00026216
      1 0.00026212
      1 0.00026115
      1 0.00026000
      1 0.00025990
      1 0.00025800
      1 0.00025725
      1 0.00025668
      1 0.00025578
      1 0.00025440
      1 0.00025172
      1 0.00024559
      1 0.00024530
      1 0.00024491
      1 0.00024444
      1 0.00024280
      1 0.00024000
      1 0.00023985
      1 0.00023936
      1 0.00023925
      1 0.00023867
      1 0.00023862
      1 0.00023722
      1 0.00023714
      1 0.00023709
      1 0.00023562
      1 0.00023480
      1 0.00023370
      2 0.00023342
      1 0.00023310
      1 0.00022980
      1 0.00022826
      2 0.00022600
      1 0.00022566
      1 0.00022281
      1 0.00022156
      1 0.00022135
      1 0.00022010
      1 0.00021732
      1 0.00021648
      1 0.00021579
      1 0.00021560
      1 0.00021504
      1 0.00021500
      1 0.00021402
      1 0.00021360
      1 0.00021308
      1 0.00021265
      1 0.00021136
      1 0.00020998
      1 0.00020832
      1 0.00020792
      1 0.00020570
      5 0.00020437
      1 0.00020325
      1 0.00020225
      1 0.00020220
      1 0.00020100
      2 0.00020065
      1 0.00020053
      1 0.00020000
      1 0.00019836
      1 0.00019773
      1 0.00019721
      1 0.00019716
      1 0.00019660
      1 0.00019623
      1 0.00019512
      1 0.00019500
      1 0.00019420
      1 0.00019363
      1 0.00019314
      1 0.00019304
      1 0.00019207
      2 0.00019080
      1 0.00018990
      1 0.00018970
      1 0.00018960
      1 0.00018816
      1 0.00018660
      2 0.00018600
      1 0.00018319
      1 0.00018263
      1 0.00018259
      1 0.00018090
      1 0.00018080
      1 0.00017992
      1 0.00017986
      1 0.00017917
      1 0.00017872
      1 0.00017824
      1 0.00017691
      1 0.00017460
      2 0.00017445
      1 0.00017313
      1 0.00017301
      2 0.00017290
      1 0.00017226
      1 0.00017172
      1 0.00017137
      1 0.00017082
      1 0.00016987
      1 0.00016975
      1 0.00016930
      1 0.00016928
      1 0.00016898
      1 0.00016750
      1 0.00016720
      1 0.00016710
      1 0.00016603
      1 0.00016600
      1 0.00016550
      1 0.00016544
      1 0.00016413
      1 0.00016360
      1 0.00016005
      1 0.00015870
      1 0.00015800
      1 0.00015655
      1 0.00015580
      1 0.00015510
      1 0.00015411
      1 0.00015307
      1 0.00015240
      1 0.00015225
      1 0.00015140
      1 0.00014860
      1 0.00014800
      1 0.00014766
      1 0.00014725
      1 0.00014550
      1 0.00014547
      1 0.00014532
      1 0.00014448
      1 0.00014387
      1 0.00014384
      1 0.00014373
      1 0.00014260
      1 0.00014185
      1 0.00014100
      1 0.00014095
      1 0.00014083
      1 0.00014040
      1 0.00014016
      2 0.00014000
      1 0.00013980
      1 0.00013927
      2 0.00013918
      2 0.00013890
      1 0.00013838
      1 0.00013806
      9 0.00013797
      1 0.00013780
      1 0.00013777
      1 0.00013620
      1 0.00013590
      1 0.00013560
      1 0.00013542
      1 0.00013450
      1 0.00013400
      1 0.00013385
      1 0.00013360
      1 0.00013216
      1 0.00013200
      1 0.00013157
      1 0.00013140
      3 0.00013050
      1 0.00013039
      2 0.00013020
      1 0.00012934
      1 0.00012922
      1 0.00012874
      1 0.00012844
      1 0.00012815
      1 0.00012750
      1 0.00012715
      1 0.00012600
      1 0.00012563
      1 0.00012528
      1 0.00012488
      2 0.00012456
      1 0.00012430
      1 0.00012376
      1 0.00012300
      1 0.00012247
      1 0.00012204
      1 0.00012180
      1 0.00012125
      1 0.00012091
      1 0.00012075
      2 0.00012060
      1 0.00012032
      1 0.00012031
      1 0.00012012
      1 0.00011978
      1 0.00011925
      1 0.00011911
      1 0.00011844
      1 0.00011598
      1 0.00011580
      1 0.00011577
      1 0.00011440
      1 0.00011425
      1 0.00011360
      1 0.00011336
      1 0.00011300
      1 0.00011280
      1 0.00011269
      1 0.00011251
      2 0.00011250
      1 0.00011220
      1 0.00011215
      1 0.00011195
      1 0.00011176
      1 0.00011163
      4 0.00011160
      3 0.00011151
      1 0.00011141
      2 0.00011100
      1 0.00011074
      1 0.00011070
      1 0.00011055
      1 0.00011040
      1 0.00011000
      1 0.00010972
      1 0.00010970
      1 0.00010926
      1 0.00010848
      1 0.00010808
      2 0.00010800
      1 0.00010784
      1 0.00010743
      1 0.00010738
      2 0.00010730
      1 0.00010725
      1 0.00010670
      1 0.00010621
      1 0.00010580
      1 0.00010547
      1 0.00010542
      1 0.00010528
      1 0.00010512
      1 0.00010476
      2 0.00010440
      1 0.00010419
      1 0.00010416
      1 0.00010410
      1 0.00010380
      1 0.00010354
      1 0.00010340
      1 0.00010297
      1 0.00010290
      1 0.00010227
      1 0.00010185
      3 0.00010170
      1 0.00010143
      1 0.00010125
      1 0.00010110
      1 0.00010104
      1 0.00010101
      1 0.00010062
      1 0.00010060
      2 0.00010050
      1 0.00010045
      1 0.00010044
     50 0.00010000
      1 0.00009990
      1 0.00009975
      1 0.00009944
      1 0.00009912
      2 0.00009894
      1 0.00009812
      1 0.00009803
      2 0.00009776
      1 0.00009761
      1 0.00009760
      1 0.00009755
      1 0.00009720
      2 0.00009718
      4 0.00009690
      1 0.00009660
      1 0.00009620
      1 0.00009604
      2 0.00009600
      1 0.00009589
      1 0.00009568
      1 0.00009545
      1 0.00009492
      1 0.00009480
      1 0.00009464
      2 0.00009460
      1 0.00009429
      3 0.00009428
      2 0.00009400
      2 0.00009350
      1 0.00009320
      1 0.00009307
      2 0.00009300
      1 0.00009290
      3 0.00009260
      1 0.00009244
      1 0.00009215
      1 0.00009210
      1 0.00009203
      1 0.00009200
      1 0.00009175
      1 0.00009097
      1 0.00009096
      1 0.00009091
      2 0.00009080
      3 0.00009079
      1 0.00009068
      4 0.00009040
      1 0.00009035
      1 0.00009024
      2 0.00008998
      1 0.00008989
      1 0.00008976
      2 0.00008964
      1 0.00008928
      1 0.00008892
      1 0.00008890
      2 0.00008860
      1 0.00008853
      1 0.00008850
      1 0.00008848
      2 0.00008800
      1 0.00008799
      1 0.00008787
      1 0.00008775
      1 0.00008772
      1 0.00008748
      1 0.00008736
      2 0.00008730
      1 0.00008721
      1 0.00008684
      2 0.00008675
      1 0.00008658
      1 0.00008642
      1 0.00008632
      1 0.00008593
      3 0.00008588
      1 0.00008579
      2 0.00008465
      2 0.00008450
      1 0.00008406
      1 0.00008404
      2 0.00008400
      2 0.00008399
      1 0.00008382
      2 0.00008381
      1 0.00008375
     10 0.00008362
      1 0.00008305
      2 0.00008300
      2 0.00008280
      1 0.00008230
      1 0.00008228
      1 0.00008227
      1 0.00008191
      1 0.00008152
      1 0.00008136
      1 0.00008134
      2 0.00008130
      2 0.00008100
      1 0.00008097
      1 0.00008080
      1 0.00008032
      1 0.00008025
      1 0.00008000
      2 0.00007945
      1 0.00007925
      1 0.00007920
      5 0.00007910
      2 0.00007875
      1 0.00007854
      4 0.00007840
      1 0.00007831
      2 0.00007830
      2 0.00007805
      2 0.00007785
      1 0.00007774
      3 0.00007770
      1 0.00007760
      1 0.00007755
      1 0.00007749
      1 0.00007720
      1 0.00007713
      1 0.00007712
      5 0.00007683
      1 0.00007680
      1 0.00007670
      1 0.00007582
      2 0.00007570
      1 0.00007569
      1 0.00007537
      2 0.00007512
      1 0.00007500
      1 0.00007482
      4 0.00007480
      1 0.00007470
      3 0.00007458
      1 0.00007456
      1 0.00007445
      4 0.00007440
      1 0.00007420
      1 0.00007404
      4 0.00007400
      1 0.00007389
      1 0.00007365
      1 0.00007359
      2 0.00007300
      1 0.00007264
      1 0.00007259
      1 0.00007252
      1 0.00007242
      1 0.00007232
      1 0.00007136
      1 0.00007119
      1 0.00007098
      1 0.00007074
      1 0.00007055
      1 0.00007040
      1 0.00007011
      1 0.00007000
      4 0.00006984
      1 0.00006941
      1 0.00006912
      1 0.00006900
      1 0.00006882
      1 0.00006876
      1 0.00006845
      1 0.00006835
      1 0.00006820
      9 0.00006810
      1 0.00006804
      2 0.00006800
      1 0.00006798
      1 0.00006786
     12 0.00006780
      1 0.00006773
      1 0.00006762
      1 0.00006761
      2 0.00006760
      1 0.00006757
      1 0.00006755
      7 0.00006750
      1 0.00006745
      1 0.00006740
      1 0.00006732
      4 0.00006720
      1 0.00006717
      1 0.00006706
     14 0.00006690
      1 0.00006685
      1 0.00006673
      2 0.00006660
      1 0.00006656
      2 0.00006635
      1 0.00006630
      1 0.00006625
      1 0.00006594
      1 0.00006592
      1 0.00006590
      5 0.00006583
      1 0.00006578
      1 0.00006554
      1 0.00006549
      1 0.00006542
      4 0.00006525
      1 0.00006496
      1 0.00006480
      2 0.00006467
      2 0.00006460
      1 0.00006450
      1 0.00006438
      2 0.00006422
      1 0.00006390
      1 0.00006386
      1 0.00006369
      2 0.00006360
      2 0.00006356
      1 0.00006340
      4 0.00006330
      1 0.00006328
      1 0.00006325
      3 0.00006303
      3 0.00006300
      3 0.00006298
      4 0.00006286
      1 0.00006272
      2 0.00006270
      5 0.00006244
      1 0.00006208
      1 0.00006203
      1 0.00006192
      1 0.00006180
      1 0.00006177
      1 0.00006176
      1 0.00006150
      1 0.00006135
      6 0.00006129
      1 0.00006084
      1 0.00006077
      1 0.00006066
      1 0.00006060
      1 0.00006045
      1 0.00006032
      1 0.00006021
      6 0.00006007
      2 0.00006006
      1 0.00006000
      1 0.00005997
      1 0.00005986
      1 0.00005960
      5 0.00005937
      1 0.00005934
      1 0.00005920
      1 0.00005915
      4 0.00005902
      1 0.00005900
      1 0.00005890
      1 0.00005888
      4 0.00005847
      1 0.00005840
      1 0.00005824
      1 0.00005822
      1 0.00005810
      6 0.00005798
      1 0.00005796
      1 0.00005790
      1 0.00005785
      1 0.00005773
      1 0.00005761
      1 0.00005759
      1 0.00005746
      5 0.00005730
      1 0.00005725
      1 0.00005704
      4 0.00005700
      2 0.00005675
      1 0.00005670
      1 0.00005655
      1 0.00005652
     14 0.00005650
      1 0.00005630
      4 0.00005625
      2 0.00005610
      1 0.00005605
      2 0.00005600
      2 0.00005597
      1 0.00005592
      1 0.00005588
      6 0.00005587
      5 0.00005575
      1 0.00005571
      1 0.00005550
      3 0.00005539
      1 0.00005535
      2 0.00005525
      1 0.00005510
      1 0.00005505
      1 0.00005490
      1 0.00005457
      1 0.00005455
      1 0.00005424
      1 0.00005420
      1 0.00005417
      1 0.00005416
      1 0.00005406
      3 0.00005400
      1 0.00005379
      4 0.00005376
      1 0.00005366
      1 0.00005365
      1 0.00005362
      1 0.00005355
      4 0.00005352
      1 0.00005350
      2 0.00005348
      1 0.00005340
      1 0.00005328
      1 0.00005292
      1 0.00005276
      5 0.00005250
      1 0.00005247
      1 0.00005242
      1 0.00005229
      1 0.00005226
      3 0.00005221
      8 0.00005220
      1 0.00005215
      2 0.00005214
      1 0.00005204
      3 0.00005200
      2 0.00005198
      1 0.00005191
      2 0.00005190
      1 0.00005184
      1 0.00005177
      1 0.00005175
      2 0.00005170
      1 0.00005160
      2 0.00005157
      1 0.00005152
      1 0.00005137
      2 0.00005129
      1 0.00005126
      1 0.00005122
      1 0.00005117
      1 0.00005112
      2 0.00005107
      1 0.00005100
      1 0.00005080
      2 0.00005070
      1 0.00005058
      3 0.00005040
      1 0.00005036
      1 0.00005034
     12 0.00005000
      3 0.00004994
      1 0.00004972
      1 0.00004966
      1 0.00004960
      5 0.00004950
      1 0.00004944
      1 0.00004914
      1 0.00004908
      2 0.00004906
      1 0.00004901
      5 0.00004889
      1 0.00004880
      2 0.00004866
      1 0.00004860
      1 0.00004840
      1 0.00004830
      1 0.00004828
      1 0.00004820
      1 0.00004815
      4 0.00004800
      3 0.00004790
      1 0.00004776
      4 0.00004775
      1 0.00004769
      3 0.00004767
      1 0.00004758
      1 0.00004750
      4 0.00004746
      1 0.00004732
      1 0.00004730
      1 0.00004728
      6 0.00004725
      1 0.00004708
      1 0.00004704
      1 0.00004693
      1 0.00004690
      2 0.00004683
      1 0.00004673
      1 0.00004649
      1 0.00004648
      1 0.00004641
      3 0.00004630
      1 0.00004625
      1 0.00004624
      1 0.00004620
      2 0.00004608
      1 0.00004582
      1 0.00004559
     11 0.00004540
     20 0.00004520
     23 0.00004500
      1 0.00004495
      2 0.00004488
      5 0.00004480
      1 0.00004471
      9 0.00004460
      1 0.00004456
      2 0.00004440
      1 0.00004429
      2 0.00004428
      1 0.00004410
      1 0.00004401
      4 0.00004400
      1 0.00004396
      2 0.00004394
      2 0.00004389
      3 0.00004380
      1 0.00004368
      1 0.00004362
      2 0.00004360
      1 0.00004335
      1 0.00004330
      1 0.00004324
      1 0.00004320
      3 0.00004313
      1 0.00004306
      2 0.00004296
      1 0.00004294
      1 0.00004290
      2 0.00004280
      1 0.00004275
      1 0.00004267
      2 0.00004266
      3 0.00004260
      2 0.00004257
      1 0.00004245
      2 0.00004237
      1 0.00004230
      2 0.00004205
      1 0.00004202
      1 0.00004200
      5 0.00004191
      1 0.00004187
      1 0.00004186
      1 0.00004160
      1 0.00004159
      1 0.00004152
      1 0.00004140
      1 0.00004129
      1 0.00004114
      1 0.00004110
      1 0.00004092
      1 0.00004087
      1 0.00004086
      1 0.00004079
      1 0.00004074
      1 0.00004070
      1 0.00004065
      2 0.00004056
      2 0.00004055
      1 0.00004051
      1 0.00004050
      1 0.00004048
      2 0.00004032
      1 0.00004020
      3 0.00004018
      1 0.00004014
      1 0.00003996
      1 0.00003993
      2 0.00003990
      1 0.00003984
      2 0.00003978
      1 0.00003971
      2 0.00003968
      5 0.00003960
      1 0.00003928
      1 0.00003904
      2 0.00003895
      1 0.00003893
      1 0.00003877
      1 0.00003870
      1 0.00003864
      2 0.00003859
      4 0.00003842
      3 0.00003840
      1 0.00003834
      1 0.00003825
      2 0.00003820
      1 0.00003809
      4 0.00003800
      1 0.00003793
      1 0.00003792
      2 0.00003780
      1 0.00003777
      1 0.00003765
     11 0.00003760
      1 0.00003757
      1 0.00003756
      1 0.00003754
      2 0.00003753
      1 0.00003749
      1 0.00003746
      1 0.00003744
      6 0.00003740
      1 0.00003738
      1 0.00003735
      5 0.00003720
      1 0.00003716
      3 0.00003700
      1 0.00003688
      1 0.00003650
      1 0.00003632
      1 0.00003631
      2 0.00003629
      3 0.00003625
      1 0.00003620
      1 0.00003619
      9 0.00003616
      1 0.00003600
      1 0.00003593
      1 0.00003586
      1 0.00003574
      6 0.00003570
      3 0.00003550
      1 0.00003540
      1 0.00003538
      3 0.00003536
      1 0.00003535
      1 0.00003528
      3 0.00003525
      2 0.00003514
      1 0.00003507
      3 0.00003500
      6 0.00003492
      1 0.00003479
      1 0.00003478
      1 0.00003466
      2 0.00003465
      1 0.00003461
      1 0.00003460
      1 0.00003454
      1 0.00003438
      1 0.00003423
      1 0.00003417
      1 0.00003411
      7 0.00003405
      1 0.00003402
      1 0.00003395
     10 0.00003393
     11 0.00003390
      1 0.00003380
     10 0.00003375
      3 0.00003370
      5 0.00003367
      2 0.00003366
      1 0.00003364
      1 0.00003361
      6 0.00003360
      2 0.00003350
      6 0.00003345
      1 0.00003344
      1 0.00003340
      4 0.00003330
      1 0.00003328
      7 0.00003320
      4 0.00003312
      1 0.00003303
      6 0.00003300
      2 0.00003280
      1 0.00003250
      2 0.00003248
      1 0.00003247
      1 0.00003240
      3 0.00003230
      1 0.00003210
      1 0.00003202
      1 0.00003186
      4 0.00003178
      1 0.00003175
      1 0.00003172
      1 0.00003170
      1 0.00003164
     11 0.00003160
      4 0.00003150
      1 0.00003145
      8 0.00003143
      1 0.00003136
      2 0.00003135
      3 0.00003132
      2 0.00003122
      1 0.00003120
      5 0.00003114
      4 0.00003102
      1 0.00003096
      1 0.00003090
      1 0.00003074
      1 0.00003056
      3 0.00003050
      2 0.00003042
      1 0.00003031
      1 0.00003024
      9 0.00003000
      1 0.00002997
      1 0.00002996
      2 0.00002992
      1 0.00002988
      1 0.00002984
     36 0.00002977
     11 0.00002976
      1 0.00002966
      1 0.00002961
      1 0.00002952
      1 0.00002951
      1 0.00002938
      1 0.00002920
      2 0.00002910
      1 0.00002901
      2 0.00002900
      2 0.00002899
      1 0.00002886
      5 0.00002880
      1 0.00002878
      4 0.00002865
      1 0.00002854
      6 0.00002840
      1 0.00002835
      2 0.00002830
      1 0.00002822
      2 0.00002820
      1 0.00002814
      3 0.00002800
      3 0.00002794
      1 0.00002791
      1 0.00002775
      1 0.00002756
      1 0.00002743
      1 0.00002742
      1 0.00002731
      1 0.00002724
      2 0.00002720
      2 0.00002712
      2 0.00002704
      1 0.00002700
      1 0.00002680
      6 0.00002674
      1 0.00002668
      1 0.00002667
      1 0.00002664
      5 0.00002660
      1 0.00002655
      1 0.00002645
      1 0.00002639
      3 0.00002632
      4 0.00002626
      2 0.00002625
      1 0.00002618
      3 0.00002610
      4 0.00002604
      1 0.00002600
      7 0.00002595
      6 0.00002590
     12 0.00002585
      1 0.00002584
      2 0.00002580
      1 0.00002560
      1 0.00002553
      1 0.00002550
      2 0.00002546
      1 0.00002530
      2 0.00002520
      2 0.00002500
      2 0.00002497
      1 0.00002491
      2 0.00002490
      1 0.00002488
      1 0.00002486
      1 0.00002483
      2 0.00002480
      1 0.00002476
      2 0.00002475
      1 0.00002468
      1 0.00002454
      4 0.00002453
      2 0.00002445
      1 0.00002440
      1 0.00002439
      8 0.00002425
      5 0.00002420
      2 0.00002408
      1 0.00002375
      2 0.00002360
      1 0.00002352
      1 0.00002337
      1 0.00002330
      1 0.00002327
      1 0.00002323
      1 0.00002322
      1 0.00002320
      1 0.00002310
      2 0.00002304
      2 0.00002300
      1 0.00002295
      8 0.00002292
      1 0.00002288
      1 0.00002281
      1 0.00002274
      1 0.00002271
     52 0.00002270
      1 0.00002265
      1 0.00002261
     68 0.00002260
      3 0.00002256
     14 0.00002250
      2 0.00002244
      5 0.00002240
      1 0.00002236
      1 0.00002233
      4 0.00002232
      1 0.00002231
     12 0.00002230
      6 0.00002220
      1 0.00002211
      1 0.00002205
     11 0.00002200
      4 0.00002197
      1 0.00002195
      1 0.00002193
      2 0.00002190
      1 0.00002184
      1 0.00002182
      1 0.00002175
      1 0.00002172
      7 0.00002171
      1 0.00002170
      4 0.00002158
      2 0.00002153
      1 0.00002150
      1 0.00002145
      1 0.00002144
      1 0.00002138
      2 0.00002128
      2 0.00002120
      1 0.00002113
      1 0.00002112
      1 0.00002110
      9 0.00002106
      1 0.00002101
      3 0.00002100
      5 0.00002096
      1 0.00002088
      1 0.00002082
      3 0.00002080
      1 0.00002076
      1 0.00002070
      1 0.00002060
      1 0.00002053
      2 0.00002048
      3 0.00002043
      1 0.00002041
      1 0.00002035
