      1 0.00000435
      2 0.00000438
      2 0.00000500
      1 0.00000536
      1 0.00000537
      1 0.00000545
     65 0.00000550
     33 0.00000555
      1 0.00000558
      2 0.00000560
     28 0.00000565
      4 0.00000567
     12 0.00000568
      7 0.00000569
      8 0.00000570
      5 0.00000571
      7 0.00000572
     14 0.00000573
      8 0.00000574
      2 0.00000575
      6 0.00000576
      8 0.00000577
      6 0.00000578
      5 0.00000579
      4 0.00000580
      7 0.00000581
      8 0.00000582
      5 0.00000583
      3 0.00000584
      2 0.00000585
      7 0.00000586
      7 0.00000587
      7 0.00000588
      8 0.00000589
      5 0.00000590
      5 0.00000591
      6 0.00000592
      8 0.00000593
      3 0.00000594
      7 0.00000595
      4 0.00000596
      4 0.00000597
      1 0.00000604
      2 0.00000610
      1 0.00000622
      1 0.00000648
      1 0.00000653
      1 0.00000660
      4 0.00000665
      6 0.00000670
      1 0.00000672
      2 0.00000675
      1 0.00000677
     12 0.00000678
     35 0.00000680
      2 0.00000700
     26 0.00000705
      1 0.00000707
     47 0.00000710
      5 0.00000715
     32 0.00000720
      2 0.00000725
      1 0.00000730
      1 0.00000735
      1 0.00000736
      1 0.00000745
      1 0.00000764
      1 0.00000784
      1 0.00000785
      2 0.00000800
      1 0.00000804
      1 0.00000815
     16 0.00000820
     15 0.00000825
      2 0.00000826
     33 0.00000830
      2 0.00000835
     21 0.00000840
      1 0.00000846
     11 0.00000852
      2 0.00000862
      2 0.00000863
      5 0.00000864
      1 0.00000870
      3 0.00000873
      2 0.00000875
      1 0.00000881
      4 0.00000890
      1 0.00000892
      2 0.00000895
      2 0.00000898
      8 0.00000900
      1 0.00000905
      3 0.00000908
      1 0.00000909
      1 0.00000910
      1 0.00000911
      1 0.00000918
      1 0.00000934
      1 0.00000936
      1 0.00000938
      1 0.00000941
      1 0.00000943
      2 0.00000945
      2 0.00000946
      1 0.00000949
      6 0.00000950
      1 0.00000952
      2 0.00000953
     42 0.00000955
      1 0.00000958
     26 0.00000960
      1 0.00000964
     16 0.00000965
      1 0.00000970
      6 0.00000981
      3 0.00000987
      2 0.00001000
      5 0.00001002
      1 0.00001006
      2 0.00001008
      2 0.00001010
      1 0.00001012
      5 0.00001018
      1 0.00001020
      1 0.00001022
      1 0.00001026
      9 0.00001030
      1 0.00001031
      2 0.00001035
      1 0.00001037
      1 0.00001039
      2 0.00001040
      1 0.00001043
      1 0.00001044
      4 0.00001045
      3 0.00001048
      6 0.00001050
      1 0.00001057
      2 0.00001060
      1 0.00001061
      3 0.00001063
      4 0.00001070
      2 0.00001077
      1 0.00001078
      1 0.00001098
      6 0.00001100
      2 0.00001101
      4 0.00001105
      6 0.00001110
      1 0.00001112
      1 0.00001114
     92 0.00001115
      2 0.00001116
     10 0.00001120
     10 0.00001122
      1 0.00001123
     78 0.00001125
      1 0.00001129
    225 0.00001130
      2 0.00001133
      1 0.00001134
     17 0.00001135
      2 0.00001136
      4 0.00001146
      4 0.00001152
      1 0.00001155
      3 0.00001158
      1 0.00001164
      1 0.00001165
      3 0.00001175
      1 0.00001176
      7 0.00001178
      1 0.00001180
      2 0.00001190
      1 0.00001199
      1 0.00001200
      1 0.00001205
      3 0.00001215
      1 0.00001219
      1 0.00001220
      2 0.00001221
      1 0.00001222
      2 0.00001235
      1 0.00001236
      1 0.00001240
      1 0.00001251
      2 0.00001265
      2 0.00001266
      2 0.00001275
      1 0.00001277
      8 0.00001280
      4 0.00001290
      3 0.00001295
      4 0.00001296
      1 0.00001300
      1 0.00001308
      1 0.00001317
      1 0.00001322
      3 0.00001330
      1 0.00001332
      4 0.00001337
      9 0.00001338
      1 0.00001341
      1 0.00001342
      3 0.00001344
      1 0.00001345
     11 0.00001350
      3 0.00001352
      7 0.00001356
      3 0.00001360
      6 0.00001362
      1 0.00001371
      1 0.00001380
      1 0.00001390
      1 0.00001395
      1 0.00001398
      1 0.00001399
      1 0.00001410
      1 0.00001414
      1 0.00001416
      1 0.00001418
      5 0.00001420
      1 0.00001424
      2 0.00001430
      3 0.00001440
      1 0.00001447
      1 0.00001450
      4 0.00001460
      1 0.00001462
      1 0.00001463
      2 0.00001470
      1 0.00001474
      2 0.00001479
      2 0.00001480
      1 0.00001488
      2 0.00001496
      2 0.00001500
      1 0.00001506
      1 0.00001512
      1 0.00001525
      1 0.00001539
      1 0.00001551
      2 0.00001554
      1 0.00001555
      5 0.00001561
      1 0.00001570
      1 0.00001574
      7 0.00001575
      1 0.00001580
     11 0.00001582
      1 0.00001586
      8 0.00001589
      1 0.00001600
      1 0.00001620
      1 0.00001630
      4 0.00001640
      1 0.00001651
      1 0.00001652
      1 0.00001654
      1 0.00001660
      1 0.00001662
      1 0.00001674
      1 0.00001675
      1 0.00001680
      1 0.00001685
      7 0.00001690
      1 0.00001692
      1 0.00001695
      2 0.00001700
      1 0.00001704
      1 0.00001723
      2 0.00001727
      1 0.00001730
      3 0.00001735
      1 0.00001745
      8 0.00001746
     14 0.00001747
      2 0.00001751
      3 0.00001755
      1 0.00001758
      2 0.00001763
      1 0.00001776
      1 0.00001781
      3 0.00001784
      6 0.00001800
      1 0.00001806
     10 0.00001808
      3 0.00001810
      4 0.00001816
      1 0.00001833
      5 0.00001845
     32 0.00001850
      1 0.00001855
      1 0.00001859
     22 0.00001860
      1 0.00001862
     24 0.00001870
      2 0.00001872
      2 0.00001878
      1 0.00001880
      1 0.00001890
      2 0.00001900
      2 0.00001910
      9 0.00001920
      1 0.00001935
      1 0.00001942
      1 0.00001962
      1 0.00001965
      1 0.00001974
      2 0.00001982
      2 0.00001984
      1 0.00001994
     18 0.00002000
      9 0.00002001
      2 0.00002007
      2 0.00002014
      1 0.00002020
      1 0.00002025
      4 0.00002028
     11 0.00002034
      1 0.00002035
      1 0.00002041
      3 0.00002043
      2 0.00002048
      1 0.00002053
      1 0.00002060
      1 0.00002070
      1 0.00002076
      3 0.00002080
      1 0.00002082
      1 0.00002088
      3 0.00002096
      3 0.00002100
      1 0.00002101
      9 0.00002106
      1 0.00002110
      1 0.00002112
      1 0.00002113
      2 0.00002120
      2 0.00002128
      1 0.00002138
      1 0.00002150
      2 0.00002153
      5 0.00002158
      1 0.00002170
      6 0.00002171
      1 0.00002172
      1 0.00002175
      1 0.00002182
      1 0.00002184
      2 0.00002190
      1 0.00002193
      1 0.00002195
      4 0.00002197
      8 0.00002200
      1 0.00002205
      1 0.00002211
      5 0.00002220
      8 0.00002230
      1 0.00002231
      3 0.00002232
      1 0.00002233
      1 0.00002236
      4 0.00002240
      2 0.00002244
      1 0.00002248
     12 0.00002250
      3 0.00002256
     60 0.00002260
      1 0.00002261
      1 0.00002265
     44 0.00002270
      1 0.00002271
      1 0.00002274
      1 0.00002281
      1 0.00002288
      8 0.00002292
      1 0.00002295
      1 0.00002300
      2 0.00002304
      1 0.00002310
      1 0.00002322
      1 0.00002323
      1 0.00002327
      1 0.00002330
      1 0.00002337
      1 0.00002352
      2 0.00002360
      1 0.00002375
      1 0.00002392
      2 0.00002408
      5 0.00002420
      8 0.00002425
      1 0.00002439
      1 0.00002440
      1 0.00002445
      4 0.00002453
      1 0.00002454
      1 0.00002468
      2 0.00002475
      1 0.00002476
      2 0.00002480
      1 0.00002483
      1 0.00002488
      2 0.00002490
      1 0.00002491
      2 0.00002497
      1 0.00002500
      1 0.00002520
      1 0.00002530
      2 0.00002546
      1 0.00002550
      1 0.00002553
      1 0.00002560
      2 0.00002580
     12 0.00002585
      6 0.00002590
      7 0.00002595
      1 0.00002600
      4 0.00002604
      3 0.00002610
      1 0.00002615
      2 0.00002618
      3 0.00002625
      4 0.00002626
      3 0.00002632
      1 0.00002639
      1 0.00002645
      1 0.00002655
      4 0.00002660
      1 0.00002664
      1 0.00002667
      1 0.00002668
      5 0.00002674
      1 0.00002680
      1 0.00002688
      1 0.00002700
      2 0.00002704
      1 0.00002712
      2 0.00002720
      1 0.00002724
      1 0.00002731
      1 0.00002742
      1 0.00002743
      1 0.00002756
      1 0.00002775
      1 0.00002791
      2 0.00002794
      3 0.00002800
      1 0.00002814
      2 0.00002820
      1 0.00002822
      2 0.00002830
      1 0.00002835
      6 0.00002840
      4 0.00002865
      1 0.00002878
      4 0.00002880
      1 0.00002886
      2 0.00002899
      2 0.00002900
      1 0.00002901
      1 0.00002910
      1 0.00002928
      1 0.00002938
      1 0.00002951
      1 0.00002952
      1 0.00002961
      1 0.00002966
      8 0.00002976
     31 0.00002977
      1 0.00002984
      2 0.00002992
      1 0.00002996
      1 0.00002997
      9 0.00003000
      1 0.00003024
      1 0.00003031
      2 0.00003042
      2 0.00003050
      1 0.00003074
      1 0.00003090
      1 0.00003096
      4 0.00003102
      5 0.00003114
      1 0.00003120
      2 0.00003122
      2 0.00003132
      1 0.00003135
      1 0.00003136
      5 0.00003143
      1 0.00003145
      2 0.00003150
     11 0.00003160
      1 0.00003164
      1 0.00003170
      1 0.00003172
      1 0.00003175
      3 0.00003178
      1 0.00003186
      1 0.00003210
      1 0.00003230
      1 0.00003240
      1 0.00003247
      2 0.00003248
      1 0.00003250
      1 0.00003284
      6 0.00003300
      1 0.00003303
      4 0.00003312
      7 0.00003320
      4 0.00003330
      1 0.00003340
      1 0.00003344
      2 0.00003345
      1 0.00003348
      2 0.00003350
      4 0.00003360
      1 0.00003361
      1 0.00003364
      2 0.00003366
      4 0.00003367
      3 0.00003370
      7 0.00003375
      1 0.00003380
     11 0.00003390
      8 0.00003393
      1 0.00003395
      1 0.00003402
      7 0.00003405
      1 0.00003411
      1 0.00003417
      1 0.00003423
      1 0.00003438
      1 0.00003441
      1 0.00003454
      1 0.00003461
      1 0.00003465
      1 0.00003466
      1 0.00003472
      1 0.00003476
      1 0.00003478
      4 0.00003492
      4 0.00003500
      1 0.00003507
      2 0.00003514
      7 0.00003520
      3 0.00003525
      1 0.00003528
      1 0.00003534
      1 0.00003535
      3 0.00003536
      1 0.00003540
      3 0.00003550
      6 0.00003570
      1 0.00003574
      3 0.00003575
      1 0.00003600
      1 0.00003615
      7 0.00003616
      1 0.00003619
      1 0.00003620
      6 0.00003625
      1 0.00003629
      1 0.00003630
      1 0.00003631
      1 0.00003632
      1 0.00003639
      1 0.00003650
      1 0.00003654
      1 0.00003688
      3 0.00003700
      1 0.00003716
      1 0.00003718
      4 0.00003720
      1 0.00003729
      1 0.00003735
      1 0.00003738
      6 0.00003740
      1 0.00003744
      1 0.00003746
      1 0.00003749
      2 0.00003753
      1 0.00003754
      1 0.00003756
      1 0.00003757
      7 0.00003760
      1 0.00003765
      1 0.00003770
      1 0.00003777
      1 0.00003780
      1 0.00003792
      1 0.00003793
      4 0.00003800
      1 0.00003809
      2 0.00003820
      1 0.00003834
      3 0.00003840
      5 0.00003842
      2 0.00003859
      1 0.00003864
      1 0.00003870
      1 0.00003893
      2 0.00003895
      1 0.00003904
      1 0.00003928
      5 0.00003960
      2 0.00003968
      1 0.00003971
      1 0.00003976
      1 0.00003978
      2 0.00003990
      1 0.00003993
      1 0.00003996
      3 0.00004018
      1 0.00004020
      2 0.00004032
      1 0.00004048
      1 0.00004050
      1 0.00004051
      2 0.00004055
      2 0.00004056
      1 0.00004065
      1 0.00004070
      1 0.00004074
      1 0.00004079
      1 0.00004087
      1 0.00004110
      1 0.00004114
      1 0.00004128
      1 0.00004140
      1 0.00004148
      1 0.00004152
      1 0.00004154
      1 0.00004159
      1 0.00004160
      4 0.00004185
      1 0.00004186
      1 0.00004187
      5 0.00004191
      2 0.00004200
      1 0.00004202
      2 0.00004205
      2 0.00004230
      1 0.00004237
      1 0.00004245
      1 0.00004257
      1 0.00004258
     11 0.00004260
      1 0.00004266
      1 0.00004267
      1 0.00004268
      1 0.00004275
      1 0.00004280
      1 0.00004290
      2 0.00004296
      1 0.00004306
      1 0.00004313
      3 0.00004320
      1 0.00004324
      1 0.00004325
      1 0.00004330
      2 0.00004360
      1 0.00004362
      1 0.00004368
      1 0.00004371
      1 0.00004375
      4 0.00004380
      2 0.00004389
      1 0.00004394
      1 0.00004396
      4 0.00004400
      1 0.00004401
      3 0.00004402
      1 0.00004410
      2 0.00004415
      1 0.00004417
      1 0.00004428
      6 0.00004433
      1 0.00004437
      2 0.00004440
      1 0.00004456
      6 0.00004460
      1 0.00004471
      4 0.00004480
      2 0.00004488
      4 0.00004495
     22 0.00004500
      1 0.00004512
      1 0.00004514
     24 0.00004520
      1 0.00004539
     11 0.00004540
      4 0.00004544
      1 0.00004556
      1 0.00004559
      1 0.00004582
      2 0.00004590
      1 0.00004595
      4 0.00004608
      1 0.00004620
      1 0.00004625
      3 0.00004630
      1 0.00004641
      1 0.00004648
      1 0.00004649
      1 0.00004655
      1 0.00004673
      1 0.00004679
      2 0.00004690
      1 0.00004704
      1 0.00004708
      1 0.00004709
      4 0.00004725
      1 0.00004728
      1 0.00004730
      1 0.00004732
      2 0.00004735
      4 0.00004746
      1 0.00004750
      1 0.00004758
      4 0.00004767
      1 0.00004769
      3 0.00004775
      3 0.00004790
      3 0.00004800
      1 0.00004815
      1 0.00004820
      1 0.00004824
      2 0.00004828
      1 0.00004830
      1 0.00004840
      1 0.00004860
      3 0.00004862
      2 0.00004866
      1 0.00004880
      4 0.00004889
      1 0.00004896
      1 0.00004901
      2 0.00004906
      1 0.00004908
      1 0.00004914
      1 0.00004930
      4 0.00004950
      1 0.00004960
      2 0.00004966
      2 0.00004970
      1 0.00004972
      1 0.00004974
      2 0.00004980
      1 0.00004992
      2 0.00004994
     13 0.00005000
      1 0.00005005
      1 0.00005034
      1 0.00005036
      3 0.00005040
      1 0.00005058
      2 0.00005070
      1 0.00005076
      1 0.00005080
      1 0.00005088
      1 0.00005100
      2 0.00005107
      4 0.00005112
      1 0.00005120
      1 0.00005124
      1 0.00005126
      2 0.00005129
      1 0.00005130
      1 0.00005137
      6 0.00005146
      2 0.00005148
      1 0.00005152
      2 0.00005155
      2 0.00005157
      1 0.00005160
      1 0.00005170
      2 0.00005175
      8 0.00005177
      1 0.00005181
      2 0.00005184
      5 0.00005187
      2 0.00005190
      1 0.00005191
      2 0.00005198
      3 0.00005200
      1 0.00005204
      2 0.00005214
      1 0.00005215
      1 0.00005217
      9 0.00005220
      1 0.00005221
      1 0.00005229
      3 0.00005239
      1 0.00005242
      1 0.00005247
      7 0.00005249
      2 0.00005250
      1 0.00005256
      1 0.00005276
      2 0.00005280
      1 0.00005290
      1 0.00005292
      2 0.00005300
      1 0.00005328
      1 0.00005340
      2 0.00005348
      1 0.00005350
      3 0.00005352
      1 0.00005355
      1 0.00005365
      1 0.00005366
      1 0.00005368
      1 0.00005369
      1 0.00005379
      2 0.00005400
      1 0.00005406
      1 0.00005416
      1 0.00005420
      1 0.00005424
      2 0.00005448
      1 0.00005455
      1 0.00005457
      1 0.00005510
      1 0.00005525
      1 0.00005535
      3 0.00005539
      1 0.00005550
      1 0.00005571
      3 0.00005575
      1 0.00005585
      5 0.00005587
      1 0.00005588
      1 0.00005592
      2 0.00005597
      1 0.00005600
      1 0.00005605
      1 0.00005610
      4 0.00005625
      1 0.00005630
      1 0.00005641
      8 0.00005650
      1 0.00005652
      2 0.00005655
      1 0.00005670
      1 0.00005675
      2 0.00005680
      9 0.00005681
     12 0.00005682
      3 0.00005700
      1 0.00005704
      1 0.00005725
      5 0.00005730
      1 0.00005746
      1 0.00005748
      1 0.00005759
      7 0.00005760
      7 0.00005761
      9 0.00005762
      1 0.00005773
      1 0.00005784
      1 0.00005785
      1 0.00005790
      1 0.00005796
      5 0.00005798
      1 0.00005810
      1 0.00005822
      1 0.00005824
      1 0.00005840
      5 0.00005847
      1 0.00005880
      1 0.00005888
      4 0.00005890
      2 0.00005900
      4 0.00005902
      1 0.00005915
      1 0.00005929
      5 0.00005937
      1 0.00005981
      1 0.00005986
      1 0.00005988
      1 0.00005997
      1 0.00006000
      3 0.00006006
      7 0.00006007
      1 0.00006021
      2 0.00006032
      1 0.00006045
      1 0.00006060
      1 0.00006066
      1 0.00006072
      2 0.00006077
      2 0.00006080
      2 0.00006102
      1 0.00006112
      6 0.00006129
      1 0.00006130
      2 0.00006135
      1 0.00006140
      1 0.00006142
      1 0.00006150
      5 0.00006159
      2 0.00006160
      1 0.00006161
      1 0.00006176
      1 0.00006177
      1 0.00006180
      1 0.00006203
      2 0.00006214
      1 0.00006216
      3 0.00006219
      5 0.00006244
      1 0.00006248
      1 0.00006249
      2 0.00006270
      3 0.00006286
      3 0.00006298
      3 0.00006300
      1 0.00006303
      1 0.00006312
      1 0.00006325
      3 0.00006330
      1 0.00006340
      1 0.00006344
      1 0.00006351
      2 0.00006356
      2 0.00006360
      1 0.00006386
      1 0.00006390
      1 0.00006422
      1 0.00006432
      1 0.00006435
      1 0.00006438
      1 0.00006450
      1 0.00006454
      1 0.00006460
      2 0.00006467
      1 0.00006480
      1 0.00006481
      1 0.00006510
      2 0.00006513
      4 0.00006525
      1 0.00006528
      1 0.00006541
      1 0.00006542
      1 0.00006554
      1 0.00006562
      1 0.00006570
      1 0.00006578
      6 0.00006583
      1 0.00006590
      1 0.00006594
      1 0.00006602
      1 0.00006603
      1 0.00006605
      2 0.00006635
      2 0.00006660
      1 0.00006681
      1 0.00006685
     11 0.00006690
      1 0.00006700
      1 0.00006717
      8 0.00006720
      2 0.00006732
      1 0.00006740
      1 0.00006745
     10 0.00006750
      1 0.00006757
      1 0.00006760
      1 0.00006761
      1 0.00006773
     17 0.00006780
      1 0.00006786
      2 0.00006798
      2 0.00006800
      1 0.00006804
      9 0.00006810
      1 0.00006820
      1 0.00006825
      1 0.00006835
      1 0.00006839
      1 0.00006845
      2 0.00006868
      1 0.00006876
      1 0.00006900
      1 0.00006909
      1 0.00006910
      2 0.00006912
      1 0.00006913
      1 0.00006960
      1 0.00006975
      1 0.00006979
      2 0.00006984
      1 0.00007004
      4 0.00007006
      1 0.00007009
      1 0.00007011
      4 0.00007037
      1 0.00007040
      1 0.00007055
      2 0.00007072
      1 0.00007098
      2 0.00007100
      1 0.00007107
      1 0.00007119
      1 0.00007133
      1 0.00007136
      1 0.00007161
      1 0.00007168
      2 0.00007200
      1 0.00007210
      1 0.00007212
      2 0.00007223
      1 0.00007224
      9 0.00007232
      2 0.00007242
      1 0.00007245
      1 0.00007249
      1 0.00007252
      2 0.00007258
      1 0.00007259
      5 0.00007264
      1 0.00007280
      1 0.00007296
      2 0.00007300
      1 0.00007312
      1 0.00007318
      1 0.00007359
      1 0.00007365
      1 0.00007374
      1 0.00007391
      2 0.00007400
      1 0.00007404
      1 0.00007424
      1 0.00007425
      4 0.00007440
      7 0.00007458
      2 0.00007480
      1 0.00007482
      1 0.00007491
      1 0.00007500
      1 0.00007512
      1 0.00007527
      1 0.00007548
      1 0.00007569
      2 0.00007570
      1 0.00007582
      1 0.00007600
      1 0.00007616
      1 0.00007622
      1 0.00007638
      3 0.00007640
      1 0.00007650
      1 0.00007670
      1 0.00007680
      4 0.00007683
      6 0.00007684
      2 0.00007685
      1 0.00007693
      1 0.00007708
      2 0.00007709
      1 0.00007713
      1 0.00007718
      1 0.00007720
      1 0.00007749
      1 0.00007755
      1 0.00007760
      2 0.00007767
      3 0.00007770
      1 0.00007774
      2 0.00007785
      2 0.00007805
      2 0.00007830
      1 0.00007831
      3 0.00007839
      2 0.00007840
      1 0.00007854
      1 0.00007871
      2 0.00007872
      2 0.00007875
      1 0.00007904
      5 0.00007910
      1 0.00007920
      1 0.00007925
      5 0.00007945
      2 0.00007980
      1 0.00007988
      1 0.00007990
      2 0.00007992
      1 0.00007998
      1 0.00008000
      1 0.00008027
      1 0.00008032
      2 0.00008034
      2 0.00008062
      1 0.00008064
      3 0.00008068
      1 0.00008091
      1 0.00008097
      4 0.00008100
      2 0.00008112
      2 0.00008130
      1 0.00008134
      3 0.00008136
      1 0.00008162
      1 0.00008171
      1 0.00008172
      1 0.00008192
      1 0.00008228
      1 0.00008230
      1 0.00008240
      1 0.00008256
      1 0.00008265
      1 0.00008280
      1 0.00008287
      1 0.00008291
      1 0.00008299
      2 0.00008300
      2 0.00008305
      2 0.00008320
      1 0.00008325
      1 0.00008352
      2 0.00008362
      1 0.00008367
      2 0.00008381
      1 0.00008398
      2 0.00008400
      1 0.00008402
      1 0.00008404
      1 0.00008406
      1 0.00008440
      1 0.00008445
      1 0.00008450
      2 0.00008465
      1 0.00008514
      2 0.00008528
      2 0.00008550
      1 0.00008560
      1 0.00008579
      3 0.00008588
      1 0.00008593
      5 0.00008600
      1 0.00008632
      1 0.00008642
      1 0.00008658
      2 0.00008665
      1 0.00008666
      1 0.00008667
      1 0.00008669
      3 0.00008680
      1 0.00008684
      1 0.00008721
      1 0.00008723
      3 0.00008730
      1 0.00008736
      1 0.00008742
      1 0.00008748
      1 0.00008772
      3 0.00008775
      1 0.00008784
      1 0.00008786
      1 0.00008787
      1 0.00008799
      2 0.00008800
      2 0.00008814
      1 0.00008850
      1 0.00008853
      2 0.00008860
      1 0.00008874
      1 0.00008890
      1 0.00008892
      3 0.00008920
      2 0.00008928
      2 0.00008960
      1 0.00008976
      1 0.00008977
      1 0.00008989
      2 0.00008998
      7 0.00009000
      1 0.00009024
      1 0.00009030
      1 0.00009035
     17 0.00009040
      1 0.00009065
      1 0.00009068
      3 0.00009079
      7 0.00009080
      1 0.00009081
      1 0.00009082
      1 0.00009091
      1 0.00009094
      1 0.00009096
      1 0.00009097
      1 0.00009126
      1 0.00009175
      1 0.00009200
      1 0.00009203
      1 0.00009210
      1 0.00009215
      1 0.00009225
      1 0.00009242
      3 0.00009260
      1 0.00009284
      1 0.00009290
      1 0.00009295
      2 0.00009300
      1 0.00009307
      2 0.00009323
      1 0.00009350
      2 0.00009366
      2 0.00009400
      1 0.00009416
      2 0.00009428
      1 0.00009429
      1 0.00009450
      2 0.00009460
      1 0.00009464
      1 0.00009472
      1 0.00009474
      1 0.00009476
      1 0.00009480
      1 0.00009494
      1 0.00009498
      1 0.00009522
      1 0.00009545
      1 0.00009548
      1 0.00009550
      1 0.00009552
      1 0.00009568
      1 0.00009588
      1 0.00009589
      1 0.00009604
      1 0.00009620
      1 0.00009625
      1 0.00009675
      3 0.00009690
      1 0.00009718
      2 0.00009720
      1 0.00009728
      2 0.00009741
      1 0.00009755
      1 0.00009760
      2 0.00009761
      2 0.00009776
      1 0.00009812
      1 0.00009861
      2 0.00009894
      2 0.00009900
      1 0.00009908
      1 0.00009912
      1 0.00009940
      2 0.00009944
      1 0.00009988
      1 0.00009990
     83 0.00010000
      1 0.00010044
      1 0.00010045
      2 0.00010050
      1 0.00010062
      2 0.00010080
      1 0.00010101
      1 0.00010104
      1 0.00010110
      1 0.00010120
      2 0.00010125
      1 0.00010143
      4 0.00010170
      1 0.00010185
      1 0.00010200
      3 0.00010215
      1 0.00010227
      3 0.00010240
      1 0.00010290
      1 0.00010297
      1 0.00010322
      1 0.00010354
      1 0.00010380
      1 0.00010383
